26 31
0 0 0.0000 0
0 1 0.0000 0
0 2 0.0000 0
0 3 0.0000 0
0 4 0.0000 0
0 5 0.0000 0
0 6 0.0000 0
0 7 0.0000 0
0 8 0.0000 0
0 9 0.0000 0
0 10 0.0000 0
0 11 0.0000 0
0 12 0.0000 0
0 13 0.0000 0
0 14 0.0000 0
0 15 0.0000 0
0 16 0.0000 0
0 17 0.0000 0
0 18 0.0000 0
0 19 0.0000 0
0 20 0.0000 0
0 21 0.0000 0
0 22 0.0000 0
0 23 0.0000 0
0 24 0.0000 0
0 25 0.0000 0
0 26 0.0000 0
0 27 0.0000 0
0 28 0.0000 0
0 29 0.0000 0
0 30 0.0000 0
1 0 0.0000 0
1 1 0.0000 0
1 2 0.0000 0
1 3 0.0000 0
1 4 0.0000 0
1 5 0.0000 0
1 6 0.0000 0
1 7 0.0000 0
1 8 0.0000 0
1 9 0.0000 0
1 10 0.0000 0
1 11 0.0000 0
1 12 0.0000 0
1 13 0.0000 0
1 14 0.0000 0
1 15 0.0000 0
1 16 0.0000 0
1 17 0.0000 0
1 18 0.0000 0
1 19 0.0000 0
1 20 0.0000 0
1 21 0.0000 0
1 22 0.0000 0
1 23 0.0000 0
1 24 0.0000 0
1 25 0.0000 0
1 26 0.0000 0
1 27 0.0000 0
1 28 0.0000 0
1 29 0.0000 0
1 30 0.0000 0
2 0 0.0000 0
2 1 0.0000 0
2 2 0.0000 0
2 3 0.0000 0
2 4 0.0000 0
2 5 0.0000 0
2 6 0.0000 0
2 7 0.0000 0
2 8 0.0000 0
2 9 0.0000 0
2 10 0.0000 0
2 11 0.0000 0
2 12 0.0000 0
2 13 0.0000 0
2 14 0.0000 0
2 15 0.0000 0
2 16 0.0000 0
2 17 0.0000 0
2 18 0.0000 0
2 19 0.0000 0
2 20 0.0000 0
2 21 0.0000 0
2 22 0.0000 0
2 23 0.0000 0
2 24 0.0000 0
2 25 0.0000 0
2 26 0.0000 0
2 27 0.0000 0
2 28 0.0000 0
2 29 0.0000 0
2 30 0.0000 0
3 0 0.0000 0
3 1 0.0000 0
3 2 0.0000 0
3 3 0.0000 0
3 4 0.0000 0
3 5 0.0000 0
3 6 0.0000 0
3 7 0.0000 0
3 8 0.0000 0
3 9 0.0000 0
3 10 0.0000 0
3 11 0.0000 0
3 12 0.0000 0
3 13 0.0000 0
3 14 0.0000 0
3 15 0.0000 0
3 16 0.0000 0
3 17 0.0000 0
3 18 0.0000 0
3 19 0.0000 0
3 20 0.0000 0
3 21 0.0000 0
3 22 0.0000 0
3 23 0.0000 0
3 24 0.0000 0
3 25 0.0000 0
3 26 0.0000 0
3 27 0.0000 0
3 28 0.0000 0
3 29 0.0000 0
3 30 0.0000 0
4 0 0.0002 0
4 1 0.0002 0
4 2 0.0002 0
4 3 0.0002 0
4 4 0.0002 0
4 5 0.0001 0
4 6 0.0001 0
4 7 0.0001 0
4 8 0.0000 0
4 9 0.0000 0
4 10 0.0000 0
4 11 0.0000 0
4 12 0.0000 0
4 13 0.0000 0
4 14 0.0000 0
4 15 0.0000 0
4 16 0.0001 0
4 17 0.0002 0
4 18 0.0003 0
4 19 0.0004 0
4 20 0.0003 0
4 21 0.0002 0
4 22 0.0001 0
4 23 0.0000 0
4 24 0.0000 0
4 25 0.0000 0
4 26 0.0000 0
4 27 0.0000 0
4 28 0.0000 0
4 29 0.0000 0
4 30 0.0000 0
5 0 0.0033 0
5 1 0.0030 0
5 2 0.0027 0
5 3 0.0026 0
5 4 0.0025 0
5 5 0.0022 0
5 6 0.0016 0
5 7 0.0009 0
5 8 0.0004 0
5 9 0.0001 0
5 10 0.0000 0
5 11 0.0000 0
5 12 0.0000 0
5 13 0.0000 0
5 14 0.0001 0
5 15 0.0004 0
5 16 0.0013 0
5 17 0.0028 0
5 18 0.0043 0
5 19 0.0048 0
5 20 0.0038 0
5 21 0.0022 0
5 22 0.0009 0
5 23 0.0003 0
5 24 0.0001 0
5 25 0.0000 0
5 26 0.0000 0
5 27 0.0000 0
5 28 0.0000 0
5 29 0.0000 0
5 30 0.0000 0
6 0 0.0320 0
6 1 0.0295 0
6 2 0.0270 0
6 3 0.0261 0
6 4 0.0255 0
6 5 0.0224 0
6 6 0.0162 0
6 7 0.0091 0
6 8 0.0039 0
6 9 0.0013 0
6 10 0.0003 0
6 11 0.0001 0
6 12 0.0000 0
6 13 0.0002 0
6 14 0.0010 0
6 15 0.0040 0
6 16 0.0115 0
6 17 0.0243 0
6 18 0.0371 0
6 19 0.0410 0
6 20 0.0329 0
6 21 0.0191 0
6 22 0.0081 0
6 23 0.0025 0
6 24 0.0006 0
6 25 0.0001 0
6 26 0.0000 0
6 27 0.0000 0
6 28 0.0000 0
6 29 0.0000 0
6 30 0.0000 0
7 0 0.2109 0
7 1 0.1971 0
7 2 0.1838 0
7 3 0.1789 0
7 4 0.1746 0
7 5 0.1539 0
7 6 0.1128 0
7 7 0.0655 0
7 8 0.0295 0
7 9 0.0102 0
7 10 0.0028 0
7 11 0.0007 0
7 12 0.0004 0
7 13 0.0014 0
7 14 0.0068 0
7 15 0.0258 0
7 16 0.0717 0
7 17 0.1461 0
7 18 0.2187 0
7 19 0.2406 0
7 20 0.1948 0
7 21 0.1162 0
7 22 0.0512 0
7 23 0.0168 0
7 24 0.0043 0
7 25 0.0010 0
7 26 0.0003 0
7 27 0.0002 0
7 28 0.0001 0
7 29 0.0002 0
7 30 0.0004 0
8 0 0.9377 0
8 1 0.8892 0
8 2 0.8428 0
8 3 0.8255 0
8 4 0.8048 0
8 5 0.7144 0
8 6 0.5352 0
8 7 0.3238 0
8 8 0.1551 0
8 9 0.0590 0
8 10 0.0187 0
8 11 0.0058 0
8 12 0.0031 0
8 13 0.0080 0
8 14 0.0345 0
8 15 0.1200 0
8 16 0.3126 0
8 17 0.6081 0
8 18 0.8855 0
8 19 0.9677 0
8 20 0.7948 0
8 21 0.4915 0
8 22 0.2299 0
8 23 0.0828 0
8 24 0.0248 0
8 25 0.0078 0
8 26 0.0036 0
8 27 0.0022 0
8 28 0.0020 0
8 29 0.0029 0
8 30 0.0045 0
9 0 2.8150 0
9 1 2.7101 0
9 2 2.6107 0
9 3 2.5713 0
9 4 2.5074 0
9 5 2.2504 0
9 6 1.7406 0
9 7 1.1143 0
9 8 0.5811 0
9 9 0.2508 0
9 10 0.0968 0
9 11 0.0398 0
9 12 0.0236 0
9 13 0.0390 0
9 14 0.1315 0
9 15 0.4076 0
9 16 0.9745 0
9 17 1.7769 0
9 18 2.4873 0
9 19 2.6899 0
9 20 2.2556 0
9 21 1.4698 0
9 22 0.7502 0
9 23 0.3107 0
9 24 0.1183 0
9 25 0.0533 0
9 26 0.0317 0
9 27 0.0216 0
9 28 0.0188 0
9 29 0.0251 0
9 30 0.0369 0
10 0 5.7078 0
10 1 5.5823 0
10 2 5.4642 0
10 3 5.4105 0
10 4 5.2874 0
10 5 4.8317 0
10 6 3.9143 0
10 7 2.7125 0
10 8 1.5911 0
10 9 0.8142 0
10 10 0.3994 0
10 11 0.2140 0
10 12 0.1404 0
10 13 0.1651 0
10 14 0.4008 0
10 15 1.0518 0
10 16 2.2363 0
10 17 3.7236 0
10 18 4.9169 0
10 19 5.2314 0
10 20 4.5230 0
10 21 3.1840 0
10 22 1.8441 0
10 23 0.9281 0
10 24 0.4705 0
10 25 0.2846 0
10 26 0.1992 0
10 27 0.1453 0
10 28 0.1252 0
10 29 0.1540 0
10 30 0.2128 0
11 0 7.8189 0
11 1 7.7724 0
11 2 7.7292 0
11 3 7.6952 0
11 4 7.5635 0
11 5 7.1176 0
11 6 6.1738 0
11 7 4.7835 0
11 8 3.2849 0
11 9 2.0713 0
11 10 1.2981 0
11 11 0.8611 0
11 12 0.6214 0
11 13 0.6049 0
11 14 1.0344 0
11 15 2.1651 0
11 16 3.9345 0
11 17 5.7778 0
11 18 6.9969 0
11 19 7.2500 0
11 20 6.5589 0
11 21 5.1658 0
11 22 3.5566 0
11 23 2.2663 0
11 24 1.5041 0
11 25 1.1147 0
11 26 0.8670 0
11 27 0.6727 0
11 28 0.5862 0
11 29 0.6714 0
11 30 0.8651 0
12 0 7.2377 0
12 1 7.3163 0
12 2 7.3900 0
12 3 7.4038 0
12 4 7.3661 0
12 5 7.2719 0
12 6 6.9803 0
12 7 6.3006 0
12 8 5.2566 0
12 9 4.1381 0
12 10 3.2090 0
12 11 2.4996 0
12 12 1.9736 0
12 13 1.7964 0
12 14 2.3280 0
12 15 3.7421 0
12 16 5.5775 0
12 17 6.9418 0
12 18 7.4147 0
12 19 7.3521 0
12 20 7.0974 0
12 21 6.5148 0
12 22 5.5214 0
12 23 4.4488 0
12 24 3.6385 0
12 25 3.0816 0
12 26 2.5954 0
12 27 2.1488 0
12 28 1.9242 0
12 29 2.0868 0
12 30 2.5006 0
13 0 4.5282 0
13 1 4.6565 0
13 2 4.7768 0
13 3 4.8254 0
13 4 4.9148 0
13 5 5.2460 0
13 6 5.8315 0
13 7 6.3860 0
13 8 6.5784 0
13 9 6.3380 0
13 10 5.8085 0
13 11 5.1214 0
13 12 4.4196 0
13 13 4.0471 0
13 14 4.4384 0
13 15 5.5767 0
13 16 6.6596 0
13 17 6.7964 0
13 18 6.1241 0
13 19 5.6480 0
13 20 5.9309 0
13 21 6.5458 0
13 22 6.8453 0
13 23 6.7017 0
13 24 6.3448 0
13 25 5.8977 0
13 26 5.3335 0
13 27 4.7395 0
13 28 4.4171 0
13 29 4.6162 0
13 30 5.1608 0
14 0 1.9150 0
14 1 2.0039 0
14 2 2.0881 0
14 3 2.1355 0
14 4 2.2719 0
14 5 2.7479 0
14 6 3.7226 0
14 7 5.0540 0
14 8 6.3355 0
14 9 7.1877 0
14 10 7.4872 0
14 11 7.3284 0
14 12 6.9303 0
14 13 6.6322 0
14 14 6.7255 0
14 15 7.0218 0
14 16 6.7991 0
14 17 5.6338 0
14 18 4.1381 0
14 19 3.4093 0
14 20 3.9178 0
14 21 5.2190 0
14 22 6.5356 0
14 23 7.3918 0
14 24 7.7482 0
14 25 7.7508 0
14 26 7.5283 0
14 27 7.2235 0
14 28 7.0630 0
14 29 7.2253 0
14 30 7.5999 0
15 0 0.5475 0
15 1 0.5831 0
15 2 0.6176 0
15 3 0.6446 0
15 4 0.7421 0
15 5 1.0844 0
15 6 1.8569 0
15 7 3.0920 0
15 8 4.5528 0
15 9 5.8559 0
15 10 6.7628 0
15 11 7.2968 0
15 12 7.5917 0
15 13 7.7250 0
15 14 7.6366 0
15 15 7.0753 0
15 16 5.7851 0
15 17 3.9672 0
15 18 2.3590 0
15 19 1.6591 0
15 20 2.0436 0
15 21 3.2041 0
15 22 4.6067 0
15 23 5.7759 0
15 24 6.5280 0
15 25 6.9760 0
15 26 7.3106 0
15 27 7.6076 0
15 28 7.8312 0
15 29 7.9377 0
15 30 7.9444 0
16 0 0.1058 0
16 1 0.1147 0
16 2 0.1237 0
16 3 0.1338 0
16 4 0.1769 0
16 5 0.3336 0
16 6 0.7218 0
16 7 1.4218 0
16 8 2.3674 0
16 9 3.3583 0
16 10 4.2477 0
16 11 5.0549 0
16 12 5.8033 0
16 13 6.3119 0
16 14 6.2458 0
16 15 5.3903 0
16 16 3.9009 0
16 17 2.2963 0
16 18 1.1299 0
16 19 0.6540 0
16 20 0.8218 0
16 21 1.4583 0
16 22 2.3194 0
16 23 3.1353 0
16 24 3.7675 0
16 25 4.3006 0
16 26 4.8926 0
16 27 5.5317 0
16 28 5.9925 0
16 29 6.0688 0
16 30 5.8468 0
17 0 0.0138 0
17 1 0.0152 0
17 2 0.0168 0
17 3 0.0194 0
17 4 0.0321 0
17 5 0.0809 0
17 6 0.2131 0
17 7 0.4763 0
17 8 0.8706 0
17 9 1.3399 0
17 10 1.8509 0
17 11 2.4396 0
17 12 3.0913 0
17 13 3.5869 0
17 14 3.5933 0
17 15 2.9770 0
17 16 1.9820 0
17 17 1.0406 0
17 18 0.4393 0
17 19 0.2060 0
17 20 0.2468 0
17 21 0.4767 0
17 22 0.8164 0
17 23 1.1694 0
17 24 1.4850 0
17 25 1.8186 0
17 26 2.2597 0
17 27 2.7721 0
17 28 3.1506 0
17 29 3.2043 0
17 30 3.0022 0
18 0 0.0012 0
18 1 0.0014 0
18 2 0.0015 0
18 3 0.0020 0
18 4 0.0046 0
18 5 0.0152 0
18 6 0.0462 0
18 7 0.1134 0
18 8 0.2231 0
18 9 0.3699 0
18 10 0.5599 0
18 11 0.8214 0
18 12 1.1447 0
18 13 1.4087 0
18 14 1.4338 0
18 15 1.1604 0
18 16 0.7303 0
18 17 0.3529 0
18 18 0.1326 0
18 19 0.0507 0
18 20 0.0539 0
18 21 0.1095 0
18 22 0.1982 0
18 23 0.2979 0
18 24 0.3996 0
18 25 0.5287 0
18 26 0.7206 0
18 27 0.9552 0
18 28 1.1336 0
18 29 1.1610 0
18 30 1.0665 0
19 0 0.0001 0
19 1 0.0001 0
19 2 0.0001 0
19 3 0.0002 0
19 4 0.0005 0
19 5 0.0021 0
19 6 0.0072 0
19 7 0.0188 0
19 8 0.0395 0
19 9 0.0705 0
19 10 0.1178 0
19 11 0.1929 0
19 12 0.2937 0
19 13 0.3803 0
19 14 0.3933 0
19 15 0.3140 0
19 16 0.1902 0
19 17 0.0866 0
19 18 0.0298 0
19 19 0.0095 0
19 20 0.0084 0
19 21 0.0174 0
19 22 0.0329 0
19 23 0.0517 0
19 24 0.0734 0
19 25 0.1058 0
19 26 0.1585 0
19 27 0.2257 0
19 28 0.2782 0
19 29 0.2872 0
19 30 0.2603 0
20 0 0.0000 0
20 1 0.0000 0
20 2 0.0000 0
20 3 0.0000 0
20 4 0.0000 0
20 5 0.0002 0
20 6 0.0008 0
20 7 0.0022 0
20 8 0.0048 0
20 9 0.0093 0
20 10 0.0173 0
20 11 0.0316 0
20 12 0.0520 0
20 13 0.0703 0
20 14 0.0737 0
20 15 0.0584 0
20 16 0.0344 0
20 17 0.0150 0
20 18 0.0048 0
20 19 0.0013 0
20 20 0.0009 0
20 21 0.0019 0
20 22 0.0037 0
20 23 0.0061 0
20 24 0.0092 0
20 25 0.0146 0
20 26 0.0240 0
20 27 0.0364 0
20 28 0.0464 0
20 29 0.0483 0
20 30 0.0434 0
21 0 0.0000 0
21 1 0.0000 0
21 2 0.0000 0
21 3 0.0000 0
21 4 0.0000 0
21 5 0.0000 0
21 6 0.0001 0
21 7 0.0002 0
21 8 0.0004 0
21 9 0.0008 0
21 10 0.0018 0
21 11 0.0036 0
21 12 0.0063 0
21 13 0.0088 0
21 14 0.0094 0
21 15 0.0074 0
21 16 0.0043 0
21 17 0.0018 0
21 18 0.0006 0
21 19 0.0001 0
21 20 0.0001 0
21 21 0.0001 0
21 22 0.0003 0
21 23 0.0005 0
21 24 0.0008 0
21 25 0.0014 0
21 26 0.0025 0
21 27 0.0040 0
21 28 0.0052 0
21 29 0.0055 0
21 30 0.0049 0
22 0 0.0000 0
22 1 0.0000 0
22 2 0.0000 0
22 3 0.0000 0
22 4 0.0000 0
22 5 0.0000 0
22 6 0.0000 0
22 7 0.0000 0
22 8 0.0000 0
22 9 0.0001 0
22 10 0.0001 0
22 11 0.0003 0
22 12 0.0005 0
22 13 0.0008 0
22 14 0.0008 0
22 15 0.0006 0
22 16 0.0004 0
22 17 0.0001 0
22 18 0.0000 0
22 19 0.0000 0
22 20 0.0000 0
22 21 0.0000 0
22 22 0.0000 0
22 23 0.0000 0
22 24 0.0000 0
22 25 0.0001 0
22 26 0.0002 0
22 27 0.0003 0
22 28 0.0004 0
22 29 0.0004 0
22 30 0.0004 0
23 0 0.0000 0
23 1 0.0000 0
23 2 0.0000 0
23 3 0.0000 0
23 4 0.0000 0
23 5 0.0000 0
23 6 0.0000 0
23 7 0.0000 0
23 8 0.0000 0
23 9 0.0000 0
23 10 0.0000 0
23 11 0.0000 0
23 12 0.0000 0
23 13 0.0000 0
23 14 0.0000 0
23 15 0.0000 0
23 16 0.0000 0
23 17 0.0000 0
23 18 0.0000 0
23 19 0.0000 0
23 20 0.0000 0
23 21 0.0000 0
23 22 0.0000 0
23 23 0.0000 0
23 24 0.0000 0
23 25 0.0000 0
23 26 0.0000 0
23 27 0.0000 0
23 28 0.0000 0
23 29 0.0000 0
23 30 0.0000 0
24 0 0.0000 0
24 1 0.0000 0
24 2 0.0000 0
24 3 0.0000 0
24 4 0.0000 0
24 5 0.0000 0
24 6 0.0000 0
24 7 0.0000 0
24 8 0.0000 0
24 9 0.0000 0
24 10 0.0000 0
24 11 0.0000 0
24 12 0.0000 0
24 13 0.0000 0
24 14 0.0000 0
24 15 0.0000 0
24 16 0.0000 0
24 17 0.0000 0
24 18 0.0000 0
24 19 0.0000 0
24 20 0.0000 0
24 21 0.0000 0
24 22 0.0000 0
24 23 0.0000 0
24 24 0.0000 0
24 25 0.0000 0
24 26 0.0000 0
24 27 0.0000 0
24 28 0.0000 0
24 29 0.0000 0
24 30 0.0000 0
25 0 0.0000 0
25 1 0.0000 0
25 2 0.0000 0
25 3 0.0000 0
25 4 0.0000 0
25 5 0.0000 0
25 6 0.0000 0
25 7 0.0000 0
25 8 0.0000 0
25 9 0.0000 0
25 10 0.0000 0
25 11 0.0000 0
25 12 0.0000 0
25 13 0.0000 0
25 14 0.0000 0
25 15 0.0000 0
25 16 0.0000 0
25 17 0.0000 0
25 18 0.0000 0
25 19 0.0000 0
25 20 0.0000 0
25 21 0.0000 0
25 22 0.0000 0
25 23 0.0000 0
25 24 0.0000 0
25 25 0.0000 0
25 26 0.0000 0
25 27 0.0000 0
25 28 0.0000 0
25 29 0.0000 0
25 30 0.0000 0
